1000014001
1000014002
1000014003
1000014004
1000014005
1000014006
1000014007
1000014008
1000014009
1000014010
1000014011
1000014012
1000014013
1000014014
1000014015
1000014016
1000014017
1000014018
1000014019
1000014020
1000014021
1000014022
1000014023
1000014024
1000014025
1000014026
1000014027
1000014028
1000014029
1000014030
1000014031
1000014032
1000014033
1000014034
1000014035
1000014036
1000014037
1000014038
1000014039
1000014040
1000014041
1000014042
1000014043
1000014044
1000014045
1000014046
1000014047
1000014048
1000014049
1000014050
1000014051
1000014052
1000014053
1000014054
1000014055
1000014056
1000014057
1000014058
1000014059
1000014060
1000014061
1000014062
1000014063
1000014064
1000014065
1000014066
1000014067
1000014068
1000014069
1000014070
1000014071
1000014072
1000014073
1000014074
1000014075
1000014076
1000014077
1000014078
1000014079
1000014080
1000014081
1000014082
1000014083
1000014084
1000014085
1000014086
1000014087
1000014088
1000014089
1000014090
1000014091
1000014092
1000014093
1000014094
1000014095
1000014096
1000014097
1000014098
1000014099
1000014100
1000014101
1000014102
1000014103
1000014104
1000014105
1000014106
1000014107
1000014108
1000014109
1000014110
1000014111
1000014112
1000014113
1000014114
1000014115
1000014116
1000014117
1000014118
1000014119
1000014120
1000014121
1000014122
1000014123
1000014124
1000014125
1000014126
1000014127
1000014128
1000014129
1000014130
1000014131
1000014132
1000014133
1000014134
1000014135
1000014136
1000014137
1000014138
1000014139
1000014140
1000014141
1000014142
1000014143
1000014144
1000014145
1000014146
1000014147
1000014148
1000014149
1000014150
1000014151
1000014152
1000014153
1000014154
1000014155
1000014156
1000014157
1000014158
1000014159
1000014160
1000014161
1000014162
1000014163
1000014164
1000014165
1000014166
1000014167
1000014168
1000014169
1000014170
1000014171
1000014172
1000014173
1000014174
1000014175
1000014176
1000014177
1000014178
1000014179
1000014180
1000014181
1000014182
1000014183
1000014184
1000014185
1000014186
1000014187
1000014188
1000014189
1000014190
1000014191
1000014192
1000014193
1000014194
1000014195
1000014196
1000014197
1000014198
1000014199
1000014200
1000014201
1000014202
1000014203
1000014204
1000014205
1000014206
1000014207
1000014208
1000014209
1000014210
1000014211
1000014212
1000014213
1000014214
1000014215
1000014216
1000014217
1000014218
1000014219
1000014220
1000014221
1000014222
1000014223
1000014224
1000014225
1000014226
1000014227
1000014228
1000014229
1000014230
1000014231
1000014232
1000014233
1000014234
1000014235
1000014236
1000014237
1000014238
1000014239
1000014240
1000014241
1000014242
1000014243
1000014244
1000014245
1000014246
1000014247
1000014248
1000014249
1000014250
1000014251
1000014252
1000014253
1000014254
1000014255
1000014256
1000014257
1000014258
1000014259
1000014260
1000014261
1000014262
1000014263
1000014264
1000014265
1000014266
1000014267
1000014268
1000014269
1000014270
1000014271
1000014272
1000014273
1000014274
1000014275
1000014276
1000014277
1000014278
1000014279
1000014280
1000014281
1000014282
1000014283
1000014284
1000014285
1000014286
1000014287
1000014288
1000014289
1000014290
1000014291
1000014292
1000014293
1000014294
1000014295
1000014296
1000014297
1000014298
1000014299
1000014300
1000014301
1000014302
1000014303
1000014304
1000014305
1000014306
1000014307
1000014308
1000014309
1000014310
1000014311
1000014312
1000014313
1000014314
1000014315
1000014316
1000014317
1000014318
1000014319
1000014320
1000014321
1000014322
1000014323
1000014324
1000014325
1000014326
1000014327
1000014328
1000014329
1000014330
1000014331
1000014332
1000014333
1000014334
1000014335
1000014336
1000014337
1000014338
1000014339
1000014340
1000014341
1000014342
1000014343
1000014344
1000014345
1000014346
1000014347
1000014348
1000014349
1000014350
1000014351
1000014352
1000014353
1000014354
1000014355
1000014356
1000014357
1000014358
1000014359
1000014360
1000014361
1000014362
1000014363
1000014364
1000014365
1000014366
1000014367
1000014368
1000014369
1000014370
1000014371
1000014372
1000014373
1000014374
1000014375
1000014376
1000014377
1000014378
1000014379
1000014380
1000014381
1000014382
1000014383
1000014384
1000014385
1000014386
1000014387
1000014388
1000014389
1000014390
1000014391
1000014392
1000014393
1000014394
1000014395
1000014396
1000014397
1000014398
1000014399
1000014400
1000014401
1000014402
1000014403
1000014404
1000014405
1000014406
1000014407
1000014408
1000014409
1000014410
1000014411
1000014412
1000014413
1000014414
1000014415
1000014416
1000014417
1000014418
1000014419
1000014420
1000014421
1000014422
1000014423
1000014424
1000014425
1000014426
1000014427
1000014428
1000014429
1000014430
1000014431
1000014432
1000014433
1000014434
1000014435
1000014436
1000014437
1000014438
1000014439
1000014440
1000014441
1000014442
1000014443
1000014444
1000014445
1000014446
1000014447
1000014448
1000014449
1000014450
1000014451
1000014452
1000014453
1000014454
1000014455
1000014456
1000014457
1000014458
1000014459
1000014460
1000014461
1000014462
1000014463
1000014464
1000014465
1000014466
1000014467
1000014468
1000014469
1000014470
1000014471
1000014472
1000014473
1000014474
1000014475
1000014476
1000014477
1000014478
1000014479
1000014480
1000014481
1000014482
1000014483
1000014484
1000014485
1000014486
1000014487
1000014488
1000014489
1000014490
1000014491
1000014492
1000014493
1000014494
1000014495
1000014496
1000014497
1000014498
1000014499
1000014500
1000014501
1000014502
1000014503
1000014504
1000014505
1000014506
1000014507
1000014508
1000014509
1000014510
1000014511
1000014512
1000014513
1000014514
1000014515
1000014516
1000014517
1000014518
1000014519
1000014520
1000014521
1000014522
1000014523
1000014524
1000014525
1000014526
1000014527
1000014528
1000014529
1000014530
1000014531
1000014532
1000014533
1000014534
1000014535
1000014536
1000014537
1000014538
1000014539
1000014540
1000014541
1000014542
1000014543
1000014544
1000014545
1000014546
1000014547
1000014548
1000014549
1000014550
1000014551
1000014552
1000014553
1000014554
1000014555
1000014556
1000014557
1000014558
1000014559
1000014560
1000014561
1000014562
1000014563
1000014564
1000014565
1000014566
1000014567
1000014568
1000014569
1000014570
1000014571
1000014572
1000014573
1000014574
1000014575
1000014576
1000014577
1000014578
1000014579
1000014580
1000014581
1000014582
1000014583
1000014584
1000014585
1000014586
1000014587
1000014588
1000014589
1000014590
1000014591
1000014592
1000014593
1000014594
1000014595
1000014596
1000014597
1000014598
1000014599
1000014600
1000014601
1000014602
1000014603
1000014604
1000014605
1000014606
1000014607
1000014608
1000014609
1000014610
1000014611
1000014612
1000014613
1000014614
1000014615
1000014616
1000014617
1000014618
1000014619
1000014620
1000014621
1000014622
1000014623
1000014624
1000014625
1000014626
1000014627
1000014628
1000014629
1000014630
1000014631
1000014632
1000014633
1000014634
1000014635
1000014636
1000014637
1000014638
1000014639
1000014640
1000014641
1000014642
1000014643
1000014644
1000014645
1000014646
1000014647
1000014648
1000014649
1000014650
1000014651
1000014652
1000014653
1000014654
1000014655
1000014656
1000014657
1000014658
1000014659
1000014660
1000014661
1000014662
1000014663
1000014664
1000014665
1000014666
1000014667
1000014668
1000014669
1000014670
1000014671
1000014672
1000014673
1000014674
1000014675
1000014676
1000014677
1000014678
1000014679
1000014680
1000014681
1000014682
1000014683
1000014684
1000014685
1000014686
1000014687
1000014688
1000014689
1000014690
1000014691
1000014692
1000014693
1000014694
1000014695
1000014696
1000014697
1000014698
1000014699
1000014700
1000014701
1000014702
1000014703
1000014704
1000014705
1000014706
1000014707
1000014708
1000014709
1000014710
1000014711
1000014712
1000014713
1000014714
1000014715
1000014716
1000014717
1000014718
1000014719
1000014720
1000014721
1000014722
1000014723
1000014724
1000014725
1000014726
1000014727
1000014728
1000014729
1000014730
1000014731
1000014732
1000014733
1000014734
1000014735
1000014736
1000014737
1000014738
1000014739
1000014740
1000014741
1000014742
1000014743
1000014744
1000014745
1000014746
1000014747
1000014748
1000014749
1000014750
1000014751
1000014752
1000014753
1000014754
1000014755
1000014756
1000014757
1000014758
1000014759
1000014760
1000014761
1000014762
1000014763
1000014764
1000014765
1000014766
1000014767
1000014768
1000014769
1000014770
1000014771
1000014772
1000014773
1000014774
1000014775
1000014776
1000014777
1000014778
1000014779
1000014780
1000014781
1000014782
1000014783
1000014784
1000014785
1000014786
1000014787
1000014788
1000014789
1000014790
1000014791
1000014792
1000014793
1000014794
1000014795
1000014796
1000014797
1000014798
1000014799
1000014800
1000014801
1000014802
1000014803
1000014804
1000014805
1000014806
1000014807
1000014808
1000014809
1000014810
1000014811
1000014812
1000014813
1000014814
1000014815
1000014816
1000014817
1000014818
1000014819
1000014820
1000014821
1000014822
1000014823
1000014824
1000014825
1000014826
1000014827
1000014828
1000014829
1000014830
1000014831
1000014832
1000014833
1000014834
1000014835
1000014836
1000014837
1000014838
1000014839
1000014840
1000014841
1000014842
1000014843
1000014844
1000014845
1000014846
1000014847
1000014848
1000014849
1000014850
1000014851
1000014852
1000014853
1000014854
1000014855
1000014856
1000014857
1000014858
1000014859
1000014860
1000014861
1000014862
1000014863
1000014864
1000014865
1000014866
1000014867
1000014868
1000014869
1000014870
1000014871
1000014872
1000014873
1000014874
1000014875
1000014876
1000014877
1000014878
1000014879
1000014880
1000014881
1000014882
1000014883
1000014884
1000014885
1000014886
1000014887
1000014888
1000014889
1000014890
1000014891
1000014892
1000014893
1000014894
1000014895
1000014896
1000014897
1000014898
1000014899
1000014900
1000014901
1000014902
1000014903
1000014904
1000014905
1000014906
1000014907
1000014908
1000014909
1000014910
1000014911
1000014912
1000014913
1000014914
1000014915
1000014916
1000014917
1000014918
1000014919
1000014920
1000014921
1000014922
1000014923
1000014924
1000014925
1000014926
1000014927
1000014928
1000014929
1000014930
1000014931
1000014932
1000014933
1000014934
1000014935
1000014936
1000014937
1000014938
1000014939
1000014940
1000014941
1000014942
1000014943
1000014944
1000014945
1000014946
1000014947
1000014948
1000014949
1000014950
1000014951
1000014952
1000014953
1000014954
1000014955
1000014956
1000014957
1000014958
1000014959
1000014960
1000014961
1000014962
1000014963
1000014964
1000014965
1000014966
1000014967
1000014968
1000014969
1000014970
1000014971
1000014972
1000014973
1000014974
1000014975
1000014976
1000014977
1000014978
1000014979
1000014980
1000014981
1000014982
1000014983
1000014984
1000014985
1000014986
1000014987
1000014988
1000014989
1000014990
1000014991
1000014992
1000014993
1000014994
1000014995
1000014996
1000014997
1000014998
1000014999
1000015000
